{
 "cells": [
  {
   "cell_type": "markdown",
   "metadata": {},
   "source": [
    "# 实验5：augmentation (rc, shift) 的影响"
   ]
  },
  {
   "cell_type": "code",
   "execution_count": 1,
   "metadata": {},
   "outputs": [],
   "source": [
    "import sys\n",
    "sys.path.append(\"../../\")\n",
    "\n",
    "from torch.utils.data import DataLoader\n",
    "from enformer_pytorch import from_pretrained\n",
    "\n",
    "from MPRA_predict.utils import *\n",
    "from MPRA_predict.datasets import *\n",
    "\n",
    "np.set_printoptions(linewidth=120)"
   ]
  },
  {
   "cell_type": "markdown",
   "metadata": {},
   "source": [
    "# 5.1 reverse complement"
   ]
  },
  {
   "cell_type": "code",
   "execution_count": 2,
   "metadata": {},
   "outputs": [],
   "source": [
    "# df = pd.read_csv('data/enformer_sequences_test_100.csv')\n",
    "# dataset = SeqLabelDataset(\n",
    "#     data_df=df,\n",
    "#     data_type='bed',\n",
    "#     genome_path='../../../../genome/hg38.fa',\n",
    "#     crop=True, \n",
    "#     crop_method='center',\n",
    "#     cropped_length=65536,\n",
    "#     padding=True, \n",
    "#     padding_method='N',\n",
    "#     padded_length=131072,\n",
    "#     N_fill_value=0)\n",
    "# print(dataset[0]['seq'].shape)"
   ]
  },
  {
   "cell_type": "code",
   "execution_count": 7,
   "metadata": {},
   "outputs": [
    {
     "name": "stderr",
     "output_type": "stream",
     "text": [
      "100%|██████████| 25/25 [00:00<00:00, 120.68it/s]\n",
      "100%|██████████| 25/25 [00:00<00:00, 97.67it/s] \n",
      "100%|██████████| 25/25 [00:00<00:00, 69.82it/s]\n",
      "100%|██████████| 25/25 [00:00<00:00, 28.17it/s]\n",
      "100%|██████████| 25/25 [00:03<00:00,  7.78it/s]\n",
      "100%|██████████| 25/25 [00:06<00:00,  3.86it/s]\n",
      "100%|██████████| 25/25 [00:10<00:00,  2.46it/s]\n"
     ]
    }
   ],
   "source": [
    "# only rc, crop\n",
    "\n",
    "df = pd.read_csv('data/enformer_sequences_test_100.csv')\n",
    "df['seq'] = seqs_rc(df['seq'])\n",
    "\n",
    "for cropped_length in [256, 1024, 4096, 16384, 65536, 196608]:\n",
    "    model = from_pretrained('../../pretrained_models/enformer_weights', target_length=2)\n",
    "    dataset = SeqLabelDataset(\n",
    "        data_df=df,\n",
    "        data_type='seq',\n",
    "        input_column='seq', \n",
    "        crop=True, \n",
    "        crop_method='center',\n",
    "        cropped_length=cropped_length,\n",
    "        padding=False, \n",
    "        padding_method='N',\n",
    "        padded_length=196608,\n",
    "        N_fill_value=0)\n",
    "    \n",
    "    test_data_loader = DataLoader(dataset, batch_size=4, shuffle=False, num_workers=1)\n",
    "    y_pred = get_pred(model, test_data_loader)\n",
    "\n",
    "    torch.cuda.empty_cache()\n",
    "    np.save(f'data/Enformer_pred_crop_{cropped_length}_only_rc.npy', y_pred)"
   ]
  },
  {
   "cell_type": "code",
   "execution_count": 3,
   "metadata": {},
   "outputs": [
    {
     "name": "stdout",
     "output_type": "stream",
     "text": [
      "(7, 100, 2, 5313)\n",
      "[[1.         0.70612375 0.6293935  0.59162501 0.54703034 0.52029941 0.40075368]\n",
      " [0.70612375 1.         0.83789585 0.77859312 0.70366764 0.65053733 0.51687827]\n",
      " [0.6293935  0.83789585 1.         0.88607703 0.80093604 0.75080774 0.60675379]\n",
      " [0.59162501 0.77859312 0.88607703 1.         0.92260414 0.86011253 0.68952862]\n",
      " [0.54703034 0.70366764 0.80093604 0.92260414 1.         0.96524066 0.71557783]\n",
      " [0.52029941 0.65053733 0.75080774 0.86011253 0.96524066 1.         0.7073936 ]\n",
      " [0.40075368 0.51687827 0.60675379 0.68952862 0.71557783 0.7073936  1.        ]]\n"
     ]
    }
   ],
   "source": [
    "pred_list = []\n",
    "for cropped_length in [256, 1024, 4096, 16384, 65536, 196608]:\n",
    "    pred = np.load(f'data/Enformer_pred_crop_{cropped_length}_only_rc.npy')\n",
    "    # print(pred.shape)\n",
    "    pred_list.append(pred)\n",
    "pred_list = np.stack(pred_list)\n",
    "pred_list = pred_list[:, :, ::-1, :] # reverse\n",
    "\n",
    "target = np.load('data/enformer_targets_test_100.npy')\n",
    "pred_list = np.concatenate([pred_list, target[None, :]], axis=0)\n",
    "print(pred_list.shape)\n",
    "\n",
    "corr = np.corrcoef(pred_list.reshape(pred_list.shape[0], -1))\n",
    "print(corr)"
   ]
  },
  {
   "cell_type": "code",
   "execution_count": 4,
   "metadata": {},
   "outputs": [],
   "source": [
    "pred_list_only_rc = pred_list"
   ]
  },
  {
   "cell_type": "code",
   "execution_count": null,
   "metadata": {},
   "outputs": [],
   "source": []
  },
  {
   "cell_type": "code",
   "execution_count": 6,
   "metadata": {},
   "outputs": [
    {
     "name": "stdout",
     "output_type": "stream",
     "text": [
      "(100, 2, 5313)\n",
      "(100, 2, 5313)\n",
      "(100, 2, 5313)\n",
      "(100, 2, 5313)\n",
      "(100, 2, 5313)\n",
      "(100, 2, 5313)\n",
      "(7, 100, 2, 5313)\n",
      "[[1.         0.71225783 0.63852997 0.60830955 0.55520755 0.51254985 0.39979347]\n",
      " [0.71225783 1.         0.85230813 0.78216532 0.69783025 0.64432036 0.51913269]\n",
      " [0.63852997 0.85230813 1.         0.89114613 0.79638438 0.7340984  0.6019289 ]\n",
      " [0.60830955 0.78216532 0.89114613 1.         0.91738696 0.85833112 0.68609631]\n",
      " [0.55520755 0.69783025 0.79638438 0.91738696 1.         0.96676081 0.71926996]\n",
      " [0.51254985 0.64432036 0.7340984  0.85833112 0.96676081 1.         0.71367927]\n",
      " [0.39979347 0.51913269 0.6019289  0.68609631 0.71926996 0.71367927 1.        ]]\n"
     ]
    }
   ],
   "source": [
    "pred_list = []\n",
    "for cropped_length in [256, 1024, 4096, 16384, 65536, 196608]:\n",
    "    pred = np.load(f'data/Enformer_pred_crop_{cropped_length}.npy')\n",
    "    print(pred.shape)\n",
    "    pred_list.append(pred)\n",
    "pred_list = np.stack(pred_list)\n",
    "\n",
    "target = np.load('data/enformer_targets_test_100.npy')\n",
    "pred_list = np.concatenate([pred_list, target[None, :]], axis=0)\n",
    "print(pred_list.shape)\n",
    "\n",
    "corr = np.corrcoef(pred_list.reshape(pred_list.shape[0], -1))\n",
    "print(corr)"
   ]
  },
  {
   "cell_type": "code",
   "execution_count": 7,
   "metadata": {},
   "outputs": [
    {
     "name": "stdout",
     "output_type": "stream",
     "text": [
      "[[1.         0.72493006 0.64354748 0.60834189 0.55795098 0.52298575 0.40448726]\n",
      " [0.72493006 1.         0.85925448 0.79192229 0.7113229  0.65752534 0.52488829]\n",
      " [0.64354748 0.85925448 1.         0.89562007 0.80451738 0.74786613 0.61009971]\n",
      " [0.60834189 0.79192229 0.89562007 1.         0.92401923 0.86374077 0.6926645 ]\n",
      " [0.55795098 0.7113229  0.80451738 0.92401923 1.         0.96809289 0.72150798]\n",
      " [0.52298575 0.65752534 0.74786613 0.86374077 0.96809289 1.         0.7149443 ]\n",
      " [0.40448726 0.52488829 0.61009971 0.6926645  0.72150798 0.7149443  1.        ]]\n"
     ]
    }
   ],
   "source": [
    "pred_average = (pred_list_only_rc + pred_list) / 2\n",
    "corr = np.corrcoef(pred_average.reshape(pred_average.shape[0], -1))\n",
    "print(corr)"
   ]
  },
  {
   "cell_type": "code",
   "execution_count": null,
   "metadata": {},
   "outputs": [],
   "source": []
  },
  {
   "cell_type": "code",
   "execution_count": null,
   "metadata": {},
   "outputs": [],
   "source": []
  },
  {
   "cell_type": "code",
   "execution_count": null,
   "metadata": {},
   "outputs": [],
   "source": []
  },
  {
   "cell_type": "code",
   "execution_count": null,
   "metadata": {},
   "outputs": [],
   "source": []
  },
  {
   "cell_type": "code",
   "execution_count": null,
   "metadata": {},
   "outputs": [],
   "source": []
  },
  {
   "cell_type": "code",
   "execution_count": 11,
   "metadata": {},
   "outputs": [
    {
     "name": "stderr",
     "output_type": "stream",
     "text": [
      "100%|██████████| 25/25 [00:10<00:00,  2.43it/s]\n",
      "100%|██████████| 25/25 [00:10<00:00,  2.46it/s]\n",
      "100%|██████████| 25/25 [00:10<00:00,  2.46it/s]\n",
      "100%|██████████| 25/25 [00:10<00:00,  2.46it/s]\n",
      "100%|██████████| 25/25 [00:10<00:00,  2.46it/s]\n",
      "100%|██████████| 25/25 [00:10<00:00,  2.46it/s]\n",
      "100%|██████████| 25/25 [00:10<00:00,  2.46it/s]\n"
     ]
    }
   ],
   "source": [
    "# only rc, crop + pad\n",
    "\n",
    "df = pd.read_csv('data/enformer_sequences_test_100.csv')\n",
    "df['seq'] = seqs_rc(df['seq'])\n",
    "\n",
    "for cropped_length in [256, 1024, 4096, 16384, 65536, 196608]:\n",
    "    model = from_pretrained('../../pretrained_models/enformer_weights', target_length=2)\n",
    "    dataset = SeqLabelDataset(\n",
    "        data_df=df,\n",
    "        data_type='seq',\n",
    "        input_column='seq', \n",
    "        crop=True, \n",
    "        crop_method='center',\n",
    "        cropped_length=cropped_length,\n",
    "        padding=True, \n",
    "        padding_method='N',\n",
    "        padded_length=196608,\n",
    "        N_fill_value=0)\n",
    "    \n",
    "    test_data_loader = DataLoader(dataset, batch_size=4, shuffle=False, num_workers=1)\n",
    "    y_pred = get_pred(model, test_data_loader)\n",
    "\n",
    "    torch.cuda.empty_cache()\n",
    "    np.save(f'data/Enformer_pred_crop_{cropped_length}_pad_{196608}_only_rc.npy', y_pred)"
   ]
  },
  {
   "cell_type": "code",
   "execution_count": 13,
   "metadata": {},
   "outputs": [
    {
     "name": "stdout",
     "output_type": "stream",
     "text": [
      "(7, 100, 2, 5313)\n",
      "[[1.         0.95677731 0.86985035 0.70680899 0.58357178 0.59107797 0.44318385]\n",
      " [0.95677731 1.         0.91142401 0.7392873  0.61210595 0.61861607 0.46606412]\n",
      " [0.86985035 0.91142401 1.         0.84528424 0.69048596 0.68514539 0.52014077]\n",
      " [0.70680899 0.7392873  0.84528424 1.         0.87561296 0.85288352 0.64663612]\n",
      " [0.58357178 0.61210595 0.69048596 0.87561296 1.         0.9732937  0.70090694]\n",
      " [0.59107797 0.61861607 0.68514539 0.85288352 0.9732937  1.         0.7073936 ]\n",
      " [0.44318385 0.46606412 0.52014077 0.64663612 0.70090694 0.7073936  1.        ]]\n"
     ]
    }
   ],
   "source": [
    "pred_list = []\n",
    "for cropped_length in [256, 1024, 4096, 16384, 65536, 196608]:\n",
    "    pred = np.load(f'data/Enformer_pred_crop_{cropped_length}_pad_{196608}_only_rc.npy')\n",
    "    pred_list.append(pred)\n",
    "pred_list = np.stack(pred_list)\n",
    "# reverse\n",
    "pred_list = pred_list[:, :, ::-1, :]\n",
    "\n",
    "target = np.load('data/enformer_targets_test_100.npy')\n",
    "pred_list = np.concatenate([pred_list, target[None, :]], axis=0)\n",
    "print(pred_list.shape)\n",
    "\n",
    "corr = np.corrcoef(pred_list.reshape(pred_list.shape[0], -1))\n",
    "print(corr)"
   ]
  },
  {
   "cell_type": "code",
   "execution_count": 14,
   "metadata": {},
   "outputs": [],
   "source": [
    "pred_list_only_rc = pred_list"
   ]
  },
  {
   "cell_type": "code",
   "execution_count": null,
   "metadata": {},
   "outputs": [],
   "source": []
  },
  {
   "cell_type": "code",
   "execution_count": 15,
   "metadata": {},
   "outputs": [
    {
     "name": "stdout",
     "output_type": "stream",
     "text": [
      "(100, 2, 5313)\n",
      "(100, 2, 5313)\n",
      "(100, 2, 5313)\n",
      "(100, 2, 5313)\n",
      "(100, 2, 5313)\n",
      "(100, 2, 5313)\n",
      "(7, 100, 2, 5313)\n",
      "[[1.         0.95455736 0.86542427 0.68575154 0.56846538 0.57255159 0.4404765 ]\n",
      " [0.95455736 1.         0.91101703 0.72208454 0.59874756 0.60434005 0.46874516]\n",
      " [0.86542427 0.91101703 1.         0.83634713 0.68089644 0.66930191 0.51791235]\n",
      " [0.68575154 0.72208454 0.83634713 1.         0.88303408 0.85181005 0.65401343]\n",
      " [0.56846538 0.59874756 0.68089644 0.88303408 1.         0.97222186 0.70434762]\n",
      " [0.57255159 0.60434005 0.66930191 0.85181005 0.97222186 1.         0.71367927]\n",
      " [0.4404765  0.46874516 0.51791235 0.65401343 0.70434762 0.71367927 1.        ]]\n"
     ]
    }
   ],
   "source": [
    "pred_list = []\n",
    "for cropped_length in [256, 1024, 4096, 16384, 65536, 196608]:\n",
    "    pred = np.load(f'data/Enformer_pred_crop_{cropped_length}_pad_{196608}.npy')\n",
    "    print(pred.shape)\n",
    "    pred_list.append(pred)\n",
    "pred_list = np.stack(pred_list)\n",
    "\n",
    "target = np.load('data/enformer_targets_test_100.npy')\n",
    "pred_list = np.concatenate([pred_list, target[None, :]], axis=0)\n",
    "print(pred_list.shape)\n",
    "\n",
    "corr = np.corrcoef(pred_list.reshape(pred_list.shape[0], -1))\n",
    "print(corr)"
   ]
  },
  {
   "cell_type": "code",
   "execution_count": 16,
   "metadata": {},
   "outputs": [
    {
     "name": "stdout",
     "output_type": "stream",
     "text": [
      "[[1.         0.95706816 0.87086308 0.70047873 0.5782828  0.58421287 0.4426665 ]\n",
      " [0.95706816 1.         0.91388396 0.73508161 0.60764326 0.61400025 0.46817002]\n",
      " [0.87086308 0.91388396 1.         0.84620891 0.68946656 0.68155718 0.52098455]\n",
      " [0.70047873 0.73508161 0.84620891 1.         0.88422577 0.85756708 0.65520819]\n",
      " [0.5782828  0.60764326 0.68946656 0.88422577 1.         0.97450285 0.70649129]\n",
      " [0.58421287 0.61400025 0.68155718 0.85756708 0.97450285 1.         0.7149443 ]\n",
      " [0.4426665  0.46817002 0.52098455 0.65520819 0.70649129 0.7149443  1.        ]]\n"
     ]
    }
   ],
   "source": [
    "pred_average = (pred_list_only_rc + pred_list) / 2\n",
    "corr = np.corrcoef(pred_average.reshape(pred_average.shape[0], -1))\n",
    "print(corr)"
   ]
  },
  {
   "cell_type": "code",
   "execution_count": null,
   "metadata": {},
   "outputs": [],
   "source": [
    "# 需要调查，N和no 平均似乎效果更好？？"
   ]
  },
  {
   "cell_type": "code",
   "execution_count": null,
   "metadata": {},
   "outputs": [],
   "source": []
  }
 ],
 "metadata": {
  "kernelspec": {
   "display_name": "torch",
   "language": "python",
   "name": "python3"
  },
  "language_info": {
   "codemirror_mode": {
    "name": "ipython",
    "version": 3
   },
   "file_extension": ".py",
   "mimetype": "text/x-python",
   "name": "python",
   "nbconvert_exporter": "python",
   "pygments_lexer": "ipython3",
   "version": "3.10.14"
  }
 },
 "nbformat": 4,
 "nbformat_minor": 2
}
